gene_annotation=1
exon_annotation=0.01735352
cds_annotation=0.01195317
cpg_annotation=1
start_annotation=-0.35938398
stop_annotation=-0.78569717
microhom_efficacy=-0.068255290
custom_efficacy=4.090204526
seedgc_efficacy=0.022132099
totalgc_efficacy=0.004336641
startingG_efficacy=0.370850140
preceedingGG_efficacy=-2.071907519